# Time series (101 data points):
# "Animation frame" "Proj Area"
0.0 24.0148257597 
1.0 216.9274354491 
2.0 323.6405421043 
3.0 397.4019665274 
4.0 479.9455666616 
5.0 553.9032866708 
6.0 631.8219393064 
7.0 685.9495532776 
8.0 725.8924781664 
9.0 772.6241396855 
10.0 809.1257254246 
11.0 837.198282949 
12.0 867.7795856027 
13.0 893.7531766568 
14.0 937.1897498362 
15.0 956.3314326926 
16.0 980.3848052151 
17.0 1008.7119126347 
18.0 1025.2795292352 
19.0 1036.6973640176 
20.0 1039.9188271287 
21.0 1045.6900321456 
22.0 1052.1578618915 
23.0 1060.2714055613 
24.0 1064.3683482631 
25.0 1066.9501705452 
26.0 1067.5899012945 
27.0 1068.383712389 
28.0 1069.972147085 
29.0 1075.0801843905 
30.0 1078.86025777 
31.0 1079.1449387922 
32.0 1085.598074204 
33.0 1086.7307111717 
34.0 1087.6924855701 
35.0 1087.1684235494 
36.0 1087.507093826 
37.0 1086.1999051158 
38.0 1087.8382745867 
39.0 1086.5767665899 
40.0 1087.8269790651 
41.0 1085.8148270996 
42.0 1086.4531197842 
43.0 1086.6673704372 
44.0 1087.1490071448 
45.0 1087.1164072006 
46.0 1089.3814492766 
47.0 1086.8849895041 
48.0 1087.6062424169 
49.0 1087.2564609809 
50.0 1087.6852310639 
51.0 1089.9842827956 
52.0 1097.7896077285 
53.0 1095.5944224889 
54.0 1098.513281755 
55.0 1101.0715217629 
56.0 1106.225904186 
57.0 1112.1902014413 
58.0 1112.0223200221 
59.0 1113.9763914512 
60.0 1113.5059759803 
61.0 1114.3289299445 
62.0 1113.6485862976 
63.0 1114.0751499413 
64.0 1113.1038922146 
65.0 1114.8261697466 
66.0 1112.5226849008 
67.0 1113.9029332694 
68.0 1115.7612160105 
69.0 1117.2213211333 
70.0 1115.6765318375 
71.0 1115.0835528605 
72.0 1113.8637566419 
73.0 1113.9329017533 
74.0 1114.065130366 
75.0 1115.8806763478 
76.0 1114.9734492128 
77.0 1114.8337662716 
78.0 1114.5926655996 
79.0 1114.3420703831 
80.0 1113.2122570604 
81.0 1112.8324259825 
82.0 1114.0487283699 
83.0 1113.1466069813 
84.0 1113.2455112644 
85.0 1113.1742632268 
86.0 1113.9905160267 
87.0 1115.7605506973 
88.0 1114.4891235988 
89.0 1114.364593237 
90.0 1114.7500621308 
91.0 1116.3661179036 
92.0 1116.7620155177 
93.0 1115.1900130261 
94.0 1116.3886648448 
95.0 1114.4853648781 
96.0 1114.0961103682 
97.0 1114.2546382107 
98.0 1114.649998312 
99.0 1114.1283311466 
100.0 1113.3975267465 
