# v_vol_stress (100 data points):
# Position v_vol_stress
0.60006 0.0 
1.80018 0.0 
3.0003 0.0 
4.20042 0.0 
5.40054 0.0 
6.60066 0.0 
7.80078 0.0 
9.0009 0.0 
10.20102 0.0 
11.40114 0.0 
12.60126 0.0 
13.80138 0.0 
15.0015 0.0 
16.20162 0.0 
17.40174 0.0 
18.60186 0.0 
19.80198 0.0 
21.0021 0.0 
22.20222 0.0 
23.40234 0.0 
24.60246 0.0 
25.80258 0.0 
27.0027 0.0 
28.20282 0.0 
29.40294 0.0 
30.60306 0.0 
31.80318 0.0 
33.0033 0.0 
34.20342 0.0 
35.40354 0.0 
36.60366 0.0 
37.80378 0.0 
39.0039 0.0 
40.20402 0.0 
41.40414 0.0 
42.60426 0.0 
43.80438 0.0 
45.0045 0.0 
46.20462 0.0 
47.40474 0.0 
48.60486 0.0 
49.80498 0.0 
51.0051 0.0 
52.20522 0.0 
53.40534 0.0 
54.60546 0.0 
55.80558 0.0 
57.0057 0.0 
58.20582 0.0 
59.40594 0.0 
60.60606 0.0 
61.80618 7.01704e05 
63.0063 2.5814724e05 
64.20642 -86744.7142857143 
65.40654 -49922.0818181818 
66.60666 -2.8856042222e05 
67.80678 -86584.8571428571 
69.0069 -1.18245375e05 
70.20702 -2.06712175e05 
71.40714 -2.3076353769e05 
72.60726 -1.7455928182e05 
73.80738 -1.2518125e05 
75.0075 5.5596875e05 
76.20762 0.0 
77.40774 0.0 
78.60786 0.0 
79.80798 0.0 
81.0081 0.0 
82.20822 0.0 
83.40834 0.0 
84.60846 0.0 
85.80858 0.0 
87.0087 0.0 
88.20882 0.0 
89.40894 0.0 
90.60906 0.0 
91.80918 0.0 
93.0093 0.0 
94.20942 0.0 
95.40954 0.0 
96.60966 0.0 
97.80978 0.0 
99.0099 0.0 
100.21002 0.0 
101.41014 0.0 
102.61026 0.0 
103.81038 0.0 
105.0105 0.0 
106.21062 0.0 
107.41074 0.0 
108.61086 0.0 
109.81098 0.0 
111.0111 0.0 
112.21122 0.0 
113.41134 0.0 
114.61146 0.0 
115.81158 0.0 
117.0117 0.0 
118.21182 0.0 
119.41194 0.0 
