# Time series (101 data points):
# "Animation frame" "Proj Area"
0.0 43.5099227064 
1.0 141.7050557721 
2.0 182.4601582135 
3.0 221.4190272755 
4.0 258.0839634708 
5.0 285.5339249281 
6.0 312.4233467412 
7.0 339.7767784406 
8.0 362.5827777622 
9.0 378.6593459139 
10.0 392.2243981548 
11.0 407.4949151815 
12.0 426.9336474371 
13.0 438.9550380924 
14.0 450.9167598356 
15.0 459.1745620933 
16.0 463.8363829147 
17.0 472.6048358314 
18.0 475.8414433473 
19.0 482.3691394387 
20.0 486.5227069473 
21.0 491.0537317925 
22.0 493.3002730489 
23.0 501.2108058975 
24.0 506.2138734801 
25.0 508.5299186642 
26.0 510.5895068306 
27.0 513.2771944973 
28.0 514.4642348474 
29.0 514.6761811042 
30.0 516.597291973 
31.0 519.4436734701 
32.0 523.1183474466 
33.0 525.1926314353 
34.0 525.9156277645 
35.0 525.5641339101 
36.0 527.064599013 
37.0 526.3430685164 
38.0 526.4326156161 
39.0 527.4805126784 
40.0 528.1617190234 
41.0 528.0069986097 
42.0 529.8846113346 
43.0 528.9742866095 
44.0 528.0181080773 
45.0 527.5502180483 
46.0 527.3200083258 
47.0 527.5581517644 
48.0 528.2868876834 
49.0 528.744150035 
50.0 529.1704021223 
51.0 529.6872012538 
52.0 528.9391709606 
53.0 529.2429253241 
54.0 528.4499916101 
55.0 528.5594794635 
56.0 528.5160685626 
57.0 528.6732903935 
58.0 528.6894920679 
59.0 528.8535213667 
60.0 529.3774071223 
61.0 528.4377940158 
62.0 528.5164057344 
63.0 528.6203959044 
64.0 529.5187695962 
65.0 528.5670992243 
66.0 528.3437656966 
67.0 528.800982687 
68.0 528.5906348843 
69.0 528.9656052349 
70.0 528.6283566381 
71.0 529.4323106605 
72.0 528.9145060015 
73.0 528.684559862 
74.0 528.6996161673 
75.0 528.1389954791 
76.0 528.393388196 
77.0 529.1381672138 
78.0 528.3198559074 
79.0 528.9396944583 
80.0 529.0690102445 
81.0 528.2688124883 
82.0 528.9624429614 
83.0 528.4556865601 
84.0 529.0794866382 
85.0 529.4657850832 
86.0 528.91917822 
87.0 529.4608163142 
88.0 528.994297009 
89.0 529.061638063 
90.0 530.1194683351 
91.0 529.7271642379 
92.0 529.1754980766 
93.0 528.7063764233 
94.0 529.4997466766 
95.0 529.2465504507 
96.0 529.4346154722 
97.0 529.6012492472 
98.0 532.6152323881 
99.0 532.6278299144 
100.0 534.7533661523 
